142
482
469
100
704
239
701
27
652
611
129
293
610
451
336
480
328
805
891
199
296
227
924
123
982
539
226
343
676
963
597
256
12
549
639
473
549
26
49
111
575
620
472
522
245
992
156
552
845
300
644
741
386
719
552
446
658
77
601
696
121
831
603
265
499
906
282
626
162
697
506
856
601
290
453
680
485
945
256
344
637
229
561
98
541
522
802
352
159
231
192
855
806
268
364
592
207
123
441
780
93
930
39
619
750
919
801
969
27
135
828
371
168
220
65
802
670
432
768
159
141
735
958
428
763
866
438
21
838
700
375
797
420
405
215
759
652
523
27
224
681
326
111
229
932
155
415
146
264
32
885
199
281
159
483
875
20
448
387
805
158
5
622
709
241
274
417
658
472
477
787
877
820
427
851
346
457
361
763
875
147
433
21
603
801
632
15
727
367
433
917
214
343
847
786
268
826
134
141
242
230
181
811
951
295
683
326
935
88
627
8
216
185
84
1
483
889
382
941
114
275
253
229
396
130
346
516
862
746
929
131
665
537
772
665
178
433
205
517
887
329
938
305
469
727
993
476
297
24
472
92
935
599
798
496
105
841
232
882
33
159
628
395
879
106
924
352
567
150
605
295
505
428
933
265
103
895
985
466
367
31
297
777
429
727
192
181
939
636
118
932
590
685
370
423
73
318
479
271
243
137
7
905
265
361
42
126
837
945
905
707
232
615
194
194
494
231
312
801
167
597
306
765
460
448
645
963
562
914
464
238
543
374
171
939
793
492
581
161
757
455
568
596
493
504
291
317
278
175
810
410
144
130
153
883
1
229
186
934
243
248
895
80
242
997
657
73
931
515
372
886
170
97
126
88
602
451
189
897
380
641
584
577
117
621
761
183
255
891
185
879
195
617
756
534
782
721
484
457
464
755
512
174
430
471
247
848
186
842
944
636
370
873
39
281
725
484
732
129
600
943
633
710
491
470
513
848
614
971
843
912
978
24
5
143
507
719
128
58
472
777
655
552
771
241
926
533
866
565
88
918
390
630
267
789
986
977
609
469
809
70
794
601
639
270
136
614
834
690
230
760
703
376
120
270
991
50
235
906
766
536
333
764
745
259
114
750
702
887
712
484
320
82
433
399
715
281
612
785
724
312
12
190
960
15
630
618
557
183
932
347
752
383
339
768
410
691
430
83
932
983
101
315
353
859
409
118
52
209
536
426
800
484
816
592
203
496
565
888
479
45
24
124
464
591
254
445
984
615
350
849
762
560
583
873
376
360
222
422
185
207
35
804
116
963
891
578
728
598
872
50
605
54
876
488
622
933
892
14
135
848
80
350
189
124
181
621
801
747
424
858
938
961
658
911
267
875
307
968
150
99
67
359
916
480
166
313
65
111
458
727
702
698
549
480
157
138
677
424
200
289
366
915
139
61
98
204
494
324
694
262
273
375
423
12
452
924
911
200
461
875
519
167
968
998
570
561
515
566
384
171
265
711
893
675
371
750
57
394
485
650
522
514
259
769
974
793
259
481
147
206
685
673
467
271
195
825
101
161
313
624
383
927
169
569
192
8
580
835
330
85
40
716
80
621
746
310
107
459
100
817
883
619
894
764
978
42
112
739
331
170
474
692
294
914
667
720
200
123
711
953
866
890
563
575
157
734
915
882
351
850
118
43
517
806
463
698
345
690
197
311
314
70
42
763
565
958
857
900
654
818
700
508
764
916
13
583
170
364
574
865
229
696
179
844
495
633
6
901
457
341
157
505
736
790
858
598
855
130
964
734
972
423
392
125
915
61
430
628
908
730
439
477
24
66
472
602
453
817
911
541
952
664
875
912
417
35
210
190
764
563
590
626
297
125
96
844
380
989
184
666
407
119
608
403
822
367
146
394
220
752
306
725
963
217
224
635
752
31
190
494
697
28
992
138
816
5
245
142
106
730
814
605
450
131
553
709
186
769
126
240
563
110
232
458
561
50
908
59
279
269
564
906
169
872
320
188
189
697
353
683
29
910
839
811
34
725
795
600
44
582
722
790
155
552
890
379
309
741
798
455
836
330
927
887
981
497
881
95
135
881
966
35
722
155
726
929
311
265
191
626
633
51
767
155
452
607
166
830
539
582
864
586
496
472
220
947
756
530
612
624
962
261
810
398
338
886
499
588
915
577
989
568
891
807
715
808
65
749
815
379
780
727
794
287
413
912
332
276
632
448
526
145
550
857
494
739
665
778
537
100
772
25
336
292
636
960
785
853
699
894
573
712
820
320
491
610
603
579
374
